"x"
0.273995840740414
-0.0178634002668453
-0.108386200206006
-0.613634902884459
-0.508329846887119
-0.633797111077676
0.681960209973532
-0.0133426880797622
0.0877366326193237
-0.966914858384798
-0.956214986723108
-0.943820796502545
0.0784697125150543
0.00643293275476926
-0.00462870647020455
-0.630368264434513
-0.601275978117245
-0.768680139539871
-0.0404591982000808
-0.0711158768398755
0.0927712770018086
-0.721952604411164
-0.699552838250048
-0.651537332905511
-0.0937766454820733
-0.0419889608326603
-0.0560912847653105
-0.734606660052562
-0.791374949012555
-0.734454412466135
-0.623187172025789
-0.533704504523275
-0.676499353482365
-0.61122867301849
-0.527827739028785
-0.641101293844768
-0.649556005805504
-0.621672966990173
-0.749835483941805
-0.644162618997256
-0.606635188412494
-0.786357920719715
-0.669777853306077
-0.716917178919671
-0.639881620987784
-0.740113687051917
-0.694043633595317
-0.689345388559382
